"TRANSECT_ID" "n" "ICOV" "meanpopsize" "rangescore" "transect_lat" "transect_lon" "sppnum" "rangescore_2"
"1" "ES-CTBMS.1" 18 2.89814092580133 0.611581179302354 0.842572132439554 2150038.9375 3749692.875 33 0.709927798363737
"2" "ES-CTBMS.10" 12 5.82481838007087 0.641887598602721 0.680692116133912 2097284.33333333 3685801.88888889 55 0.463341756966863
"3" "ES-CTBMS.101" 13 3.24773471967561 0.332101181132362 0.963995359591542 1893915.875 3824065.125 22 0.929287053314026
"4" "ES-CTBMS.12" 18 3.70311299665824 0.945548433926361 0.424760000773278 2109096.53846154 3690232.69230769 75 0.180421058256915
"5" "ES-CTBMS.21" 18 2.42061398312616 0.403832117927674 0.800732524090549 2072112.8 3658256.4 33 0.641172575136421
"6" "ES-CTBMS.23" 18 4.30143647305431 1.11605359082524 0.887701817940428 2155904.66666667 3752079.66666667 34 0.788014517574741
"7" "ES-CTBMS.24" 15 5.19977877353322 0.693664948049459 0.41281389089767 2098075.2 3652597 74 0.170415308518073
"8" "ES-CTBMS.26" 10 4.08842780411089 0.811290665908127 0.751018302132647 2057367.5 3639148.125 55 0.564028490138204
"9" "ES-CTBMS.28" 18 3.24470977987504 1.6047085070835 0.330806437313465 2107423.61538462 3682023.46153846 76 0.109432898968027
"10" "ES-CTBMS.29" 18 2.42105913250089 0.620515320912054 0.668291302506939 2094132.44444444 3680835.77777778 48 0.446613265006422
"11" "ES-CTBMS.33" 18 2.28544272201551 1.10001519951 0.626305018402764 2088854.11111111 3691483.66666667 51 0.392257976076486
"12" "ES-CTBMS.34" 16 3.27412830064989 1.03273183409843 0.888437782033571 2075030 3671631.16666667 47 0.789321692544731
"13" "ES-CTBMS.40" 17 3.63722211327807 0.889375738516108 0.529578265593964 2117339 3649188.57142857 78 0.280453139389512
"14" "ES-CTBMS.42" 12 4.13996960292829 0.595092519939923 0.426810219930127 2137653.125 3648148.75 69 0.182166963836803
"15" "ES-CTBMS.48" 10 3.5064393740483 0.221084754866894 0.957053903046021 2065376 3525618 31 0.915952173335623
"16" "ES-CTBMS.5" 18 4.78392829466145 0.556601071927097 0.753641569694284 2168805.41666667 3729095.83333333 60 0.567975615571265
"17" "ES-CTBMS.51" 14 2.37456819790207 1.68135549256074 0.479716988191462 2067455.71428571 3576525 81 0.230128388759487
"18" "ES-CTBMS.52" 14 4.15139136076375 0.237022866018227 0.851410724134755 2045415.28571429 3594582.71428571 26 0.724900221171669
"19" "ES-CTBMS.55" 14 5.61158764862309 0.62516479197695 -0.399088969352878 2149065.44444444 3640122.44444444 77 0.159272005459142
"20" "ES-CTBMS.58" 16 2.47595932981772 1.82093032021229 0.603062043244148 2067807.55555556 3610572.66666667 79 0.363683828001807
"21" "ES-CTBMS.59" 15 2.42518147289454 0.393124593875546 0.785629021909153 2147265.6 3749763.6 25 0.617212960065932
"22" "ES-CTBMS.60" 16 2.1435164485247 0.574406870157173 0.802832480579109 1896416.88888889 3803356 20 0.644539991872806
"23" "ES-CTBMS.61" 16 2.2448974338276 0.381975307824968 0.953220200524472 1891594.58333333 3828584.33333333 21 0.908628750687915
"24" "ES-CTBMS.66" 14 3.49276387373789 0.338589229469867 0.173594753003348 2157542.85714286 3550733.57142857 66 0.0301351382702933
"25" "ES-CTBMS.67" 15 2.25326684079342 0.186860030257167 1 1997907.75 3538295.875 11 1
"26" "ES-CTBMS.68" 15 2.28759131672327 0.496690099117256 0.894411980938345 2076326.42857143 3672450.28571429 43 0.799972791646054
"27" "ES-CTBMS.69" 14 1.9125724003324 0.493543235229792 0.74450301890363 2077960.33333333 3679290.88888889 42 0.554284745156619
"28" "ES-CTBMS.72" 14 4.41153394333504 0.971335169959998 0.189193608575134 2155687.57142857 3649981.71428571 69 0.0357942215256812
"29" "ES-CTBMS.75" 14 3.34902716823915 0.374000964743633 0.849337620221686 2087811.28571429 3661716.57142857 50 0.721374393123838
"30" "ES-CTBMS.76" 10 5.04036807517184 0.302814910237306 0.722373538740204 2079695.1 3659884.3 33 0.521823529472045
"31" "ES-CTBMS.77" 13 5.75200504984629 0.685717407643808 0.73147908610103 2127429.61538462 3727200.38461538 63 0.535061653403197
"32" "ES-CTBMS.79" 11 2.55822058329474 1.0154033103 0.514084678472594 2103531.71428571 3646183.14285714 69 0.26428305664027
"33" "ES-CTBMS.8" 18 2.16495644129803 0.490032389621114 0.823615720689966 2069308.28571429 3656035.21428571 57 0.678342855367653
"34" "ES-CTBMS.80" 12 6.31443367329609 0.609755907769443 0.452421319321004 2099077.9 3656234.2 82 0.204685050176158
"35" "ES-CTBMS.82" 11 3.26399665951074 0.149857670326671 0.254781140883046 2030012.875 3502045 55 0.0649134297496664
"36" "ES-CTBMS.86" 11 2.26019219775647 0.24491139317251 -0.906482367693255 2208058.4 3584787.7 57 0.821710282938769
"37" "ES-CTBMS.88" 11 2.75481519126557 0.374639319679662 0.635549475815625 2094025.76923077 3695738.07692308 46 0.403923136209516
"38" "ES-CTBMS.9" 18 5.43857461589528 1.3628443990324 0.343452701984406 2146380.76923077 3700585.30769231 79 0.117959758500389
"39" "ES-CTBMS.91" 11 2.22244154865365 0.21268677445644 -0.933641888575698 2207261 3628305.75 14 0.871687176103196
"40" "ES-CTBMS.92" 11 7.04046675179115 0.384286307414 -0.270162514962032 2194373.14285714 3620956.42857143 63 0.0729877844906102
"41" "ES-CTBMS.93" 11 3.57430471831741 0.240460006793195 -0.622370827409464 2203947.57142857 3620454.71428571 50 0.387345446810341
"42" "ES-CTBMS.96" 10 3.09458908852603 0.454721581362516 -0.366641642813569 2189867.33333333 3619905 66 0.134426094245032
"43" "ES-CTBMS.98" 10 1.19719811781912 0.0999395819524404 -0.56466695098847 2195029.57142857 3622992.71428571 29 0.318848765538616
"44" "FIBMS.107" 16 1.21221417672718 0.0830020647564392 -0.312401810561174 4217824.05263158 5117884.42105263 45 0.0975948912418999
"45" "FIBMS.232" 16 2.32178459245433 0.164854077646907 -0.311690538011921 4234057 5051240 39 0.0971509914861605
"46" "FIBMS.246" 15 3.05695875648786 0.238565243076019 -0.219527772086211 4250348.6 5149277.1 45 0.0481924427171355
"47" "FIBMS.247" 11 1.37528885853232 0.089845983045704 -0.460990902991731 4353722.61904762 5089193.66666667 41 0.212512612641131
"48" "FIBMS.249" 16 1.9353605855355 0.0782094751204912 -0.356340175568314 4218574.92592593 5016016.14814815 31 0.126978320724057
"49" "FIBMS.255" 18 1.81463754416182 0.0705189818564233 -0.382298632643078 4315005.5 5172624.3 40 0.146152244520767
"50" "FIBMS.261" 18 4.23198859101951 0.294549095556422 -0.613017692223647 4361843.66666667 5316295.91666667 53 0.375790690979205
"51" "FIBMS.262" 18 4.2445577721551 0.152873155659673 -0.844807332360251 4517944 5295610.36 47 0.713699428809644
"52" "FIBMS.266" 10 3.6732905018534 0.216664298927543 -0.359805114552233 4288691.29411765 5038289.94117647 40 0.129459720457945
"53" "FIBMS.271" 17 3.13809089373158 0.180697937684994 -0.343585720643672 4211703.57142857 5077580.42857143 43 0.118051147430231
"54" "FIBMS.280" 13 2.52183195842316 0.133942794497253 -0.199973169406937 4210147.27272727 5044625.63636364 44 0.0399892684826555
"55" "FIBMS.284" 16 1.48833515037414 0.0745184015074246 -0.542483007969476 4354261.30769231 5072046.07692308 38 0.294287813935611
"56" "FIBMS.285" 16 2.55200701182199 0.0799457075783159 -0.301140196593948 4210520 4997700 29 0.0906854180046415
"57" "FIBMS.286" 11 3.75543340704688 0.196101466468994 -0.422708091638932 4236006.59259259 5182789.66666667 42 0.178682130737028
"58" "FIBMS.288" 12 1.9073525544706 0.082333863503362 -0.380307738958133 4292784.31818182 5052081.72727273 35 0.144633976311447
"59" "FIBMS.289" 10 1.11094504713221 0.0306778999803083 -0.190145587724692 4282171.4 5146288 12 0.0361553445311684
"60" "FIBMS.290" 12 1.50695330571044 0.0681454014808612 -0.890984321088629 4702971 5063185 30 0.793853060425765
"61" "FIBMS.293" 12 1.25561677509961 0.0496498989433358 -0.83821544891713 4510731 5307143 39 0.702605138803346
"62" "FIBMS.295" 12 3.41502441778181 0.663429859151611 -0.690425506646019 4452243.07692308 5354998.07692308 51 0.476687380227412
"63" "FIBMS.298" 12 1.65796355228443 0.0720978262781459 -1 4725746.74074074 5086839.55555556 30 1
"64" "FIBMS.33" 13 1.71026012975912 0.0435806264412876 -0.588279783450428 4489754.13333333 4913142.26666667 19 0.346073103616483
"65" "FIBMS.51" 11 0.657099770753747 0.0415483365769047 -0.537369168859522 4493120.4 4911374.46666667 23 0.288765623640774
"66" "FIBMS.53" 10 1.76619845120608 0.0512800697454531 -0.356258222414057 4189165 5027012 34 0.126919921037624
"67" "FIBMS.57" 10 1.21225766635425 0.108133782685919 -0.390495574490479 4273531 5235864 46 0.152486793696649
"68" "FIBMS.58" 11 3.07549638506286 0.252354195955887 -0.592660226755266 4376491.76923077 5305286.11538462 48 0.351246144377603
"69" "FIBMS.60" 11 3.20830205934601 0.0590387968048986 -0.858401953027795 4499109.875 5328449.4375 35 0.736853912961932
"70" "FIBMS.61" 11 1.92301297532787 0.068770567314932 -0.790155691379326 4485772.55172414 5366783.37931035 46 0.624346016619141
"71" "FIBMS.63" 10 2.12954051175529 0.194973867719084 -0.635098238310217 4404896.21052632 5057256.52631579 32 0.403349772304742
"72" "FIBMS.67" 10 1.70667459406549 0.0440226623071187 -0.332569929770319 4163326.25 5066022.25 18 0.110602758187435
"73" "FIBMS.68" 10 2.97046590574076 0.196901671014821 -0.568610246201702 4444362.6 5201768.75 41 0.323317612085561
"74" "UKBMS.1" 18 3.01795710709598 0.34234741703854 0.173201275538998 3305505.25 3628629.16666667 25 0.029998681848336
"75" "UKBMS.10" 16 2.62975761339426 0.223646200951881 0.145474132695252 3256901.84615385 3347124.46153846 28 0.0211627232834358
"76" "UKBMS.1005" 18 1.97130439566479 0.874913821529206 0.220553602519839 3158295 3542339 33 0.0486438915844791
"77" "UKBMS.1006" 13 3.93088773574394 0.688453551377693 0.13090461757816 3175242 3564459.66666667 26 0.0171360189032843
"78" "UKBMS.1007" 18 3.59052108598475 0.874473060860575 0.268328811515277 3114937.33333333 3532252.88888889 29 0.0720003510892013
"79" "UKBMS.1009" 14 5.03140274663107 0.414303153021472 0.222385312854727 3154718 3536045.125 23 0.0494552273734949
"80" "UKBMS.101" 16 2.71696098065622 0.186403497455718 -0.0140661674877397 3662344.4 3589597.1 14 0.000197857067793146
"81" "UKBMS.1010" 12 2.53459135836007 0.356292472772713 0.0784030101666435 3173040.8 3553249.8 18 0.00614703200319081
"82" "UKBMS.1013" 18 2.29425057124598 0.114084869654589 0.245556985330742 3154239 3526998 20 0.0602982330447221
"83" "UKBMS.1014" 18 3.69424481388959 0.10399810067558 0.206806415821059 3154277 3517362.90909091 19 0.0427688936247527
"84" "UKBMS.1016" 18 4.60171129553358 1.0594965165455 0.232765712699301 3166325 3533742 30 0.0541798770084136
"85" "UKBMS.1017" 18 1.90051467021856 0.618913676534663 0.2285761079378 3166161 3534727 28 0.0522470371199926
"86" "UKBMS.1018" 18 2.50676574576488 0.42476817784219 0.157044636607552 3165228 3485901 31 0.0246630178871981
"87" "UKBMS.1019" 18 5.39523347792087 0.696846178378263 0.158087718783596 3163762 3486773 27 0.0249917268302012
"88" "UKBMS.102" 18 5.63881643659408 0.475615567683559 0.124215580374862 3201570.2 3475788.6 28 0.0154295104078639
"89" "UKBMS.1021" 13 5.0036643197867 1.11461536998311 0.17298077352401 3157741 3546903 31 0.0299223480089647
"90" "UKBMS.1022" 14 5.06649406239276 0.38532233834668 0.219828283943335 3165234 3557447 31 0.0483244744214715
"91" "UKBMS.1024" 18 4.10061061953967 0.200128034009036 0.243393138861599 3195755.26666667 3549774.26666667 25 0.0592402200449015
"92" "UKBMS.1029" 11 3.82138118111179 0.143888733436055 -0.0816785 3195357 3549641 2 0.00667137736225
"93" "UKBMS.1031" 10 1.21539820522714 0.133372303130164 0.279987245416178 3147290 3530915 24 0.078392857595739
"94" "UKBMS.1032" 18 3.39676472946655 0.207627450143691 0.206806415821059 3154000.22222222 3516939.77777778 19 0.0427688936247527
"95" "UKBMS.1034" 18 4.01228023865699 0.647281955839299 0.25634760754655 3115013 3531388 31 0.06571409589484
"96" "UKBMS.1035" 18 1.95061023871062 0.399105598923867 0.267625512969154 3129216.14285714 3520112.85714286 27 0.0716234151920027
"97" "UKBMS.1036" 16 3.20967154235724 0.247207114128421 0.228678912528629 3178133.7 3523624.3 27 0.0522940450352762
"98" "UKBMS.1039" 10 2.87045427411105 0.0648508955263613 0.208681645582881 3167888 3532279 17 0.0435480292031791
"99" "UKBMS.104" 18 2.19221724846591 0.332464488441048 0.176769777473462 3330313.81818182 3618700.72727273 26 0.0312475542280173
"100" "UKBMS.1040" 18 4.12381309633835 1.02035730474499 0.249510484036106 3164489 3528279 29 0.0622554816439317
"101" "UKBMS.1044" 18 3.999420227267 0.286357384595429 0.336808269013995 3146686 3534560 32 0.113439810076203
"102" "UKBMS.1049" 16 2.42136304084379 0.208060115525405 0.196155053720799 3148657.88888889 3549749.88888889 25 0.0384768051002096
"103" "UKBMS.1050" 14 2.12915439782902 0.281857510860766 0.133842541016312 3186184 3553005 24 0.0179138257857032
"104" "UKBMS.1051" 11 4.05268578350884 0.53197483495627 0.185975595708358 3167717 3527191 19 0.0345869221990786
"105" "UKBMS.1054" 11 5.53208711231082 0.199602236167726 0.263678416855066 3127537 3532429 22 0.0695263075151941
"106" "UKBMS.1055" 12 4.22160094465047 0.236572587151479 0.250843181421996 3142190 3536554 19 0.0629223016659084
"107" "UKBMS.1058" 12 1.05536635130611 0.176897056738577 0.250819697643684 3174706.8 3522665 26 0.062910520726069
"108" "UKBMS.106" 18 3.09908141452751 0.158915091721121 0.210297584740029 3170557.33333333 3697154 25 0.0442250741474896
"109" "UKBMS.1060" 17 2.73684376344881 0.78713209401189 0.222850454230784 3144512 3510929 23 0.0496623249508669
"110" "UKBMS.1063" 11 2.47038720959161 1.54834678109536 0.290533584424143 3130744 3528401 31 0.0844097636783407
"111" "UKBMS.1065" 16 2.25529743641883 0.125309305942212 0.0916714204921938 3168219 3559659 19 0.00840364933505662
"112" "UKBMS.1067" 13 5.42751191010503 0.782821342244448 0.254134381939228 3128485 3527322 22 0.0645842840836334
"113" "UKBMS.1070" 18 4.58555574138005 0.304529670381348 0.229686623891217 3154553 3528162 22 0.0527559451945454
"114" "UKBMS.1073" 12 2.02569673263286 0.249085284637129 0.215700984544043 3139603 3547869 16 0.0465269147332695
"115" "UKBMS.1076" 10 6.9697289258694 0.0816132516832717 0.219144940315496 3140478.72727273 3510910 14 0.0480245048658824
"116" "UKBMS.1081" 17 3.92335910378728 0.173158473930842 0.138810214475356 3186633.4 3559718.9 26 0.0192682756426944
"117" "UKBMS.1083" 15 2.21721569635729 0.100067813791349 0.263593662126353 3140127 3510411 23 0.0694816187131819
"118" "UKBMS.1089" 14 2.04731427831268 0.0708230126075471 0.217105353458509 3143826 3527918 22 0.0471347345003441
"119" "UKBMS.1093" 13 3.23120509233614 0.284641712029513 0.255599250443464 3173514.69230769 3513223.38461538 31 0.0653309768272607
"120" "UKBMS.1094" 11 4.37352894606442 0.129099644235225 0.179213646260432 3147845 3550842 18 0.0321175310059594
"121" "UKBMS.1095" 11 3.94513008414407 0.627030069394469 0.160517313165982 3146608 3550335 22 0.0257658078260261
"122" "UKBMS.1098" 11 2.83472439886781 0.28799904856477 0.204349944407177 3151471 3552248 23 0.0417588997792165
"123" "UKBMS.1101" 15 2.50227605470836 0.280647596187385 0.0945630966835624 3524166.2 3488535.8 25 0.00894217925438477
"124" "UKBMS.1102" 15 2.8405384262639 0.140474931255412 0.0974608236749172 3527309.28571429 3487210.28571429 29 0.0094986121513933
"125" "UKBMS.1103" 13 2.54761939305393 0.0568168094920309 0.000430566855139139 3539831.86666667 3493745.06666667 21 1.85387816744409e-07
"126" "UKBMS.1106" 12 2.98688922301556 0.0920107165413317 0.064112072149313 3526896.25 3498347.375 24 0.00411035779527871
"127" "UKBMS.1107" 18 4.56825901625639 0.135639657057551 0.0694501237341946 3524138.81818182 3487778.27272727 26 0.00482331968669494
"128" "UKBMS.1108" 15 2.7831449804875 0.297555786062365 0.0896579875012668 3533550 3487317 22 0.00803855472277732
"129" "UKBMS.111" 15 3.23677653917342 0.168054132659608 0.1474997681846 3227307.11111111 3706978.44444444 21 0.0217561816145108
"130" "UKBMS.1110" 10 1.63219922901833 0.0826975871150782 0.040078921434836 3525839 3490258 20 0.00160631994337976
"131" "UKBMS.1111" 16 4.38200705108082 0.292332789488352 0.0876837986898455 3522360.73333333 3491077.13333333 28 0.00768844855268135
"132" "UKBMS.1113" 16 2.01245079919468 0.335968370347574 0.0876837986898455 3522603.14285714 3490416.57142857 28 0.00768844855268135
"133" "UKBMS.1114" 15 1.45987429343867 0.229108880923272 0.104806312671425 3538163 3487697 27 0.0109843631757804
"134" "UKBMS.1115" 16 3.23602125451876 0.199270492354827 0.0854161120709489 3538677.46666667 3489275.93333333 30 0.0072959122013169
"135" "UKBMS.1118" 13 2.42070962883497 0.0919388585881499 0.0844168195348973 3535971 3489247 27 0.00712619942038742
"136" "UKBMS.1119" 10 1.99608367000072 0.132026098940475 0.0941144326097424 3537595.27272727 3488272 24 0.00885752642545374
"137" "UKBMS.112" 11 2.20913288661581 0.0996285379665121 0.220341020339028 3144877.66666667 3316419.86666667 24 0.0485501652440441
"138" "UKBMS.1122" 16 4.59364252601378 0.219056746174494 0.0953240226593221 3527940.75 3487831.08333333 29 0.00908666929595496
"139" "UKBMS.1125" 15 2.55929400515123 0.229612450590503 -0.0116858681362486 3529920.14285714 3490170.85714286 19 0.000136559514097791
"140" "UKBMS.1126" 18 3.22106997216545 0.127675567886318 0.10946489845508 3526614 3489054.81818182 28 0.011982563993781
"141" "UKBMS.113" 16 2.82002388632082 0.124016357850146 0.140526818988657 3239722.71428571 3716618.71428571 24 0.0197477868550708
"142" "UKBMS.1136" 13 3.03253554468764 0.267948830314339 0.0882554400628984 3466217 3474178 18 0.00778902270069586
"143" "UKBMS.1141" 15 4.2883623494579 0.279216615330421 0.096913538513875 3525154.88888889 3489489.11111111 23 0.00939223394728032
"144" "UKBMS.1142" 15 2.41792696726456 0.14195589041568 0.0938915287803034 3528216.7 3496686.2 24 0.00881561917670253
"145" "UKBMS.1143" 15 5.161544920143 0.0949923974638513 0.0701968166532179 3526100.14285714 3491213.28571429 28 0.0049275930682455
"146" "UKBMS.1144" 14 4.35117939344173 0.182152168341112 0.0331578050037108 3527362.72727273 3496379.81818182 24 0.00109944003266411
"147" "UKBMS.1145" 14 1.60890886278839 0.211319193799128 0.0585683536731972 3527833 3490495 20 0.00343025205198872
"148" "UKBMS.1146" 15 1.76293698417787 0.146771927103388 0.0800086338285346 3526361.33333333 3496880.26666667 27 0.00640138148710853
"149" "UKBMS.1147" 18 1.9881540246942 0.30053926422315 0.0692023220517424 3527263.8 3490533.73333333 32 0.00478896137735307
"150" "UKBMS.1149" 13 3.40450231063784 0.17571310590573 0.0115329589972215 3529131.85714286 3490195.57142857 17 0.000133009143231593
"151" "UKBMS.115" 12 5.67024682535901 0.217993405453063 0.26546300653097 3245834.11111111 3558010 25 0.0704706078364616
"152" "UKBMS.1150" 10 5.65361815344492 0.0813116251156529 0.0980553260335577 3529216.16666667 3491287.5 26 0.0096148469635473
"153" "UKBMS.1151" 11 2.03478415077378 0.124702797074658 0.0230749404625847 3526813.2 3497055 21 0.000532452877351827
"154" "UKBMS.1157" 10 4.60659439140647 0.194585416381117 0.0884852349016241 3537552 3487582.5 26 0.0078296367955956
"155" "UKBMS.116" 15 3.25018144871336 0.0525763575380694 0.000936097975339505 3760916.33333333 3353499.75 16 8.76279419434721e-07
"156" "UKBMS.117" 18 7.60094670616489 0.560079935765924 0.297948942718991 3249016.27272727 3557286 30 0.0887735724673645
"157" "UKBMS.119" 13 2.52261361590522 0.207137367241551 0.141604611476305 3147125.26666667 3703981.66666667 27 0.0200518659913552
"158" "UKBMS.12" 15 2.10791936033863 0.174926854234708 0.184879029751266 3200039.25 3673288.25 21 0.0341802556417693
"159" "UKBMS.1213" 11 4.06145671282597 0.318395777262201 0.144374294930825 3250697 3596277 27 0.0208439370367728
"160" "UKBMS.122" 13 5.77497660145176 0.167946157475263 0.184546744749347 3145999.45454545 3662787.81818182 19 0.0340575009975805
"161" "UKBMS.1220" 14 3.5151745377245 1.13616054964954 0.150767526703065 3256544.81818182 3605512.81818182 29 0.0227308471081595
"162" "UKBMS.1221" 10 3.39402439634948 0.377261445585951 0.164852604964383 3246004 3598231 30 0.0271763813635428
"163" "UKBMS.1224" 11 4.29501473596742 0.251874631898663 0.167862974618011 3269893 3612123 20 0.0281779782476071
"164" "UKBMS.124" 14 1.94654209113223 0.174911714109308 -0.00263345107187914 3534648.73333333 3476767.13333333 24 6.9350645479814e-06
"165" "UKBMS.129" 16 2.91687735498431 0.640375750284097 0.224592078194073 3123628.11111111 3517787.22222222 31 0.0504416015875327
"166" "UKBMS.130" 13 2.71069564590708 0.214553720027449 0.246341267443428 3149048 3514203 24 0.0606840200456344
"167" "UKBMS.1301" 16 5.6851748624783 0.358685900818406 0.279219437870269 3253908.07692308 3568037.76923077 32 0.0779634944845888
"168" "UKBMS.1305" 15 1.32604937350027 0.224678210321932 0.165599293220507 3242918 3589924 27 0.0274231259151315
"169" "UKBMS.1306" 17 2.74684058692315 0.63483894098203 0.160225187447119 3240715.5 3584851.5 27 0.0256721106924643
"170" "UKBMS.1307" 16 3.36914552001288 0.330347559017495 0.261509090793768 3253994.5 3569923 31 0.0683870045677831
"171" "UKBMS.1309" 16 4.37713643120876 0.657953805744483 0.188434711451557 3237204 3580321 31 0.0355076404798316
"172" "UKBMS.1310" 14 3.12263704791242 0.304710512619978 0.230865142490855 3227848.5 3549679.8 23 0.0532987140173227
"173" "UKBMS.1311" 18 4.27265137394784 0.186727259589522 0.119153344215399 3201937.875 3540045.125 22 0.0141975194377134
"174" "UKBMS.1312" 18 3.07421932858503 0.743515111710828 0.221699331883158 3219647.75 3546718.125 30 0.0491505937574385
"175" "UKBMS.1314" 18 3.51940930026601 0.535952119369301 0.227766081166309 3224638 3554503 22 0.0518773877298578
"176" "UKBMS.1315" 18 4.70602429654207 0.388776599972227 0.266983992078718 3244397.57142857 3559165.42857143 25 0.0712804520262892
"177" "UKBMS.1317" 18 2.08221912508095 0.0299014676212094 0.247251343537774 3214250.46666667 3586826.73333333 23 0.0611332268812344
"178" "UKBMS.1318" 14 2.00304608218667 0.396225939168471 0.143738498810516 3238468.5 3586148.5 24 0.0206607560403008
"179" "UKBMS.1319" 16 4.33015374007756 0.294278141206569 0.207900091932222 3208429.8 3553987 22 0.0432224482254262
"180" "UKBMS.1320" 12 3.56976498725468 0.261088075498083 0.200917684238974 3222182.875 3553615.375 23 0.040367915839952
"181" "UKBMS.1321" 18 3.45613011541006 0.738299658049066 0.223202026977355 3216031.83333333 3550261.16666667 28 0.0498191448468001
"182" "UKBMS.1322" 15 2.77067756436474 0.42880227865028 0.225910801434457 3225127.625 3560568 31 0.0510356902047587
"183" "UKBMS.1323" 16 4.23384062497935 0.166165292143462 0.136933227168369 3239194 3585755.71428571 26 0.0187507087027442
"184" "UKBMS.1325" 14 2.78650096022487 0.339848749743478 0.169848303721238 3220116.625 3580842.75 24 0.0288484462769818
"185" "UKBMS.1328" 11 3.04442038376723 0.440751011563544 0.182025434308572 3234597 3577003.9 26 0.0331332587352243
"186" "UKBMS.1329" 13 1.78948420795034 0.341210358234566 0.158245342693224 3243017 3589940 23 0.025041588484096
"187" "UKBMS.133" 18 3.14162765077223 0.116884975164639 0.181480384242352 3136779.7 3457226.6 29 0.0329351298647517
"188" "UKBMS.1336" 14 2.29306150698628 0.794502065818961 0.224879901295094 3262640.75 3552936.75 27 0.0505709700064913
"189" "UKBMS.1339" 14 3.04353028086477 0.622623332162669 0.233016410224445 3214215.42857143 3552951 30 0.0542966474338867
"190" "UKBMS.134" 16 1.83134419675968 0.0672957203862152 0.113509074198663 3145637.625 3356012.375 27 0.0128843099254375
"191" "UKBMS.1340" 14 3.24974801341388 1.20367536297766 0.138137415047726 3222313.75 3525121 26 0.0190819454360676
"192" "UKBMS.1343" 14 2.18825225520894 0.200825621699982 0.175423795851084 3198439 3550170 27 0.030773508150803
"193" "UKBMS.1345" 10 1.42560176010161 0.0467380231043323 0.216516254091486 3207683.2 3568863.4 14 0.0468792882858091
"194" "UKBMS.1346" 13 1.5625192257635 0.0250122319710035 0.197673032841929 3194211.8 3572548.8 23 0.0390746279129262
"195" "UKBMS.135" 11 2.53457845430242 0.107529622231711 0.240469698508095 3173506.33333333 3705353.8 21 0.0578256759005742
"196" "UKBMS.1351" 11 3.1228200086886 0.192239427973172 0.181950124197814 3229992.2 3580444.73333333 24 0.0331058476956
"197" "UKBMS.1354" 10 2.97377171937594 0.467562242233019 0.212892423878819 3220085 3584317 24 0.0453231841449985
"198" "UKBMS.1355" 10 3.63285706261798 0.400498724277767 0.23432430573956 3258403.28571429 3567000.28571429 28 0.0549078802603268
"199" "UKBMS.1356" 10 1.51737306785226 0.118988080294085 0.147259869721912 3232611.57142857 3571208.71428571 22 0.0216854692305145
"200" "UKBMS.1357" 10 5.4401400257566 0.791285072371857 0.280533145308161 3218254 3573450.09090909 28 0.07869884561649
"201" "UKBMS.136" 13 2.08255817494301 0.254167663619495 0.190174916308957 3230966.61538462 3496208.07692308 31 0.0361664987931186
"202" "UKBMS.1361" 15 3.61927950095447 0.489732772499713 0.204358454066669 3221030.66666667 3564280.16666667 26 0.0417623777485188
"203" "UKBMS.1362" 11 4.21194711198928 1.82344597313444 0.161437894417091 3216532.33333333 3524451.66666667 29 0.0260621937538239
"204" "UKBMS.1370" 10 6.23322735880449 0.579072176806849 0.288285982068745 3249099.875 3563859.5 31 0.0831088074573408
"205" "UKBMS.1377" 11 1.41103136884776 0.241429056581091 0.142186211423551 3239385 3585524.66666667 19 0.0202169187189827
"206" "UKBMS.139" 16 1.48934494733682 0.135305708866037 0.223116974928062 3171317.8 3697506.8 19 0.0497811845010493
"207" "UKBMS.14" 15 3.16979910236503 0.213758839566052 0.202653827380601 3221889.44444444 3582552.11111111 23 0.0410685737520066
"208" "UKBMS.140" 12 2.79572169998493 0.0801589279911793 -0.167681698982245 3899211.71428571 3564288.92857143 15 0.0281171521735721
"209" "UKBMS.1401" 15 1.90805213474461 0.297075355944124 0.281668916435872 3134989 3592857 33 0.0793373784861585
"210" "UKBMS.1402" 12 1.937615862754 0.662745114417363 0.232179517331919 3122920.75 3631323.375 30 0.0539073282684828
"211" "UKBMS.1404" 18 1.63677623388438 0.472624254512326 0.321407817186379 3142605.25 3568349.91666667 32 0.103302984948513
"212" "UKBMS.1407" 13 2.87155286578165 0.724904889795051 0.259475153981521 3122288.33333333 3628271.66666667 32 0.0673273555337339
"213" "UKBMS.141" 11 1.62428841049463 0.0852085218773921 -0.163181458493355 3985424.55555556 3427672.22222222 6 0.0266281883960186
"214" "UKBMS.1411" 16 4.46165500458448 0.496722079863182 0.245392746318747 3130607.6 3612258.6 29 0.0602175999458571
"215" "UKBMS.1412" 16 3.72939392516667 0.433023872860938 0.248261673367648 3130425.8 3611824 29 0.0616338584633049
"216" "UKBMS.1413" 16 4.66079478175071 0.568030548707375 0.243894689547514 3130263.25 3612652.5 28 0.0594846195894782
"217" "UKBMS.1414" 16 3.03647010030149 0.669285856591919 0.273492017690918 3133129.66666667 3621751.66666667 31 0.0747978837406496
"218" "UKBMS.1415" 13 2.40637684394102 0.0506469701760947 0.169295495242959 3151484.07142857 3626171.42857143 15 0.0286609647095588
"219" "UKBMS.1419" 18 3.99705426162641 0.241900923498337 0.161670665184842 3153807.66666667 3615714.26666667 22 0.0261374039813091
"220" "UKBMS.142" 11 2.7041352168895 0.0850385239824801 0.114021949509798 3240010.83333333 3608155 18 0.0130010049700149
"221" "UKBMS.1420" 16 3.56762670244291 0.190923471432676 0.162512332023972 3153762.58333333 3615781.16666667 20 0.0264102580598696
"222" "UKBMS.1422" 16 1.61607732251116 0.358307367641903 0.222943073063317 3128085.25 3631475.25 28 0.0497036138269156
"223" "UKBMS.1423" 13 1.90666308651505 0.396414055461871 0.201995027322583 3126194 3614085 25 0.040801991063051
"224" "UKBMS.1427" 10 2.80975232450841 0.893331558079592 0.220616558777983 3144654.9 3612521.8 23 0.0486716660070392
"225" "UKBMS.143" 15 2.12260075029669 0.180633681530643 -0.161785523036695 3952205.55555556 3496390.55555556 14 0.0261745554642568
"226" "UKBMS.1430" 11 3.82852427864262 0.0517244799201259 0.168991791591442 3154378.16666667 3623549.66666667 18 0.0285582256252853
"227" "UKBMS.1431" 11 4.30853630351736 0.0495401010629331 0.180527203577605 3153677.09090909 3629118.72727273 13 0.03259007123155
"228" "UKBMS.1432" 12 1.55025702329652 0.216195669856261 0.201234074157063 3161873.875 3606690.75 19 0.0404951526018505
"229" "UKBMS.1433" 13 1.60829064421187 0.085792675156827 0.27416539898788 3160817.75 3582376.875 27 0.0751666660021832
"230" "UKBMS.1439" 12 2.64167115450821 0.199827193828197 0.194781152965743 3137879.88888889 3601214.88888889 21 0.0379396975506641
"231" "UKBMS.144" 10 2.59309259601274 0.145306072476986 -0.0821592980586025 3676409.5 3518443 14 0.00675015025748229
"232" "UKBMS.1445" 10 2.28921136835293 0.0374054322841484 0.176320420508586 3149730 3628144.3 17 0.0310888906883244
"233" "UKBMS.1446" 10 3.20596576410346 0.020316542437182 0.164957201683918 3150086.63636364 3629622.72727273 12 0.0272108783873888
"234" "UKBMS.1447" 10 3.73978763403901 0.0437572789811688 0.142642421296001 3150559.3 3628959.1 18 0.0203468603531858
"235" "UKBMS.1451" 10 3.20902397597242 0.682410390974511 0.230845363851365 3135681 3616945.375 32 0.053289582011669
"236" "UKBMS.1454" 12 1.7784598419346 0.0797486571632419 0.22594913776154 3130042 3653988 20 0.0510530128551834
"237" "UKBMS.146" 10 2.24236404525778 0.0906812483184068 -0.072065806618941 3806174.33333333 3565683.06666667 15 0.00519348048363859
"238" "UKBMS.1469" 10 1.23301830207974 0.155565607608397 0.147378315491363 3159364.33333333 3569491.77777778 20 0.0217203678770718
"239" "UKBMS.149" 15 3.23199237570539 0.219623590574654 0.11270915678987 3245507.8 3373857.2 25 0.0127033540242834
"240" "UKBMS.15" 18 3.31896858973544 0.286754701900008 0.111538132169783 3260756 3523756.2 21 0.012440754927924
"241" "UKBMS.151" 18 2.20508446804678 0.267059559123511 0.0431330795660512 3320054.54545455 3347494.27272727 21 0.0018604625528513
"242" "UKBMS.1511" 13 2.46251089992796 0.189516312910547 0.267050841124599 3147693 3680980 25 0.0713161517453557
"243" "UKBMS.1524" 14 4.2976587477353 0.198008552266878 0.235079621573769 3148258.61538462 3680582.23076923 24 0.0552624284792665
"244" "UKBMS.1525" 18 2.19094444808582 0.0364487221922109 0.201715746853335 3163023 3646660 19 0.0406892425285986
"245" "UKBMS.1526" 18 1.6738274549158 0.137988607390847 0.195767711403875 3162314 3645429 24 0.038324996828311
"246" "UKBMS.1529" 11 1.91032182026774 0.0456307667056639 0.142593753087659 3165834 3697633 12 0.0203329784196244
"247" "UKBMS.153" 12 2.06258862427777 0.0195630535530281 -0.0110551211793941 3710394.23076923 3373630.53846154 12 0.000122215704291088
"248" "UKBMS.1536" 13 3.07101331773903 0.445170918474919 0.159779149271413 3189699.33333333 3631907 24 0.0255293765418964
"249" "UKBMS.1537" 10 2.46011818595843 0.187878574156694 0.262769124478009 3191336.75 3634629.125 21 0.0690476127789392
"250" "UKBMS.1541" 12 3.39298982078783 0.694011697741319 0.195686539794222 3182712 3630168 25 0.0382932218566356
"251" "UKBMS.1542" 18 2.07788935981471 0.0451754023373758 0.162556041910763 3163023 3646660 14 0.0264244667616936
"252" "UKBMS.155" 16 2.9503074519057 0.201785067755661 0.321323316545509 3245208.5 3557760 28 0.103248673755805
"253" "UKBMS.156" 12 2.62064808539168 0.189345434279548 0.213302800814653 3161984.9 3695124.4 26 0.0454980848353756
"254" "UKBMS.158" 18 3.79096869863731 0.4445938016753 0.122825925964611 3164493.93333333 3470131.4 35 0.0150862080890642
"255" "UKBMS.16" 18 4.23516817967994 0.410720663192378 0.179604753307579 3126666.93333333 3478095.6 31 0.0322578674106764
"256" "UKBMS.160" 12 2.33547347505818 0.120060206669651 0.038449813575946 3628440.18181818 3451664.81818182 17 0.001478388164025
"257" "UKBMS.1607" 18 4.28631528276497 1.18684120943609 0.10924276847252 3395881 3633728 23 0.0119339824635405
"258" "UKBMS.1608" 15 2.75057338699347 0.306443686036749 0.148515464771808 3350004.14285714 3609509.57142857 25 0.0220568432763862
"259" "UKBMS.161" 16 3.03532209942878 0.251284596604664 0.0497895436492484 3567889.71428571 3583598.57142857 19 0.00247899865680041
"260" "UKBMS.1610" 16 2.39517729588719 0.431585813354651 0.160101591993166 3351007.5 3608614.83333333 22 0.0256325197587462
"261" "UKBMS.1614" 16 2.72670357377786 0.33599967157911 0.0435862140271436 3402220.42857143 3650263.85714286 23 0.00189975805321997
"262" "UKBMS.165" 16 2.02339606713449 0.0752495516133791 -0.065820043573458 3862883.57142857 3602430.71428571 13 0.00433227813601191
"263" "UKBMS.166" 14 1.63613383327489 0.361340862922399 -0.00299385134943243 3445667.53333333 3404356.73333333 22 8.96314590249836e-06
"264" "UKBMS.170" 14 2.7019782246894 0.121792873253527 0.153575116461172 3223905.58333333 3661149.83333333 19 0.0235853163960626
"265" "UKBMS.1701" 10 1.06453258096926 0.0984803797645572 0.0156112627656125 3156509 3352484 22 0.000243711525137
"266" "UKBMS.1703" 13 2.20111479747648 0.162695155262896 0.0576796379898027 3137897.16666667 3346929.08333333 28 0.00332694063863469
"267" "UKBMS.1705" 16 3.62272986194827 0.905796824511103 0.127725514374793 3175457.14285714 3394581.57142857 24 0.0163138070223054
"268" "UKBMS.171" 14 2.59598787083387 0.0956235524458847 0.154482400709015 3223868.25 3662350 18 0.0238648121288207
"269" "UKBMS.1710" 15 2.97254564913188 0.200125766864701 0.235248764787409 3154309 3327932.5 15 0.0553419813340018
"270" "UKBMS.1717" 10 7.18278232349792 0.523733787328751 0.210784390934881 3141063.16666667 3325052.66666667 26 0.0444300594617887
"271" "UKBMS.172" 15 1.93218151278748 0.132031156173192 0.195824853869708 3285086.8 3636792.85 22 0.0383473733930924
"272" "UKBMS.1720" 14 6.2690142166134 0.410044986141121 0.229540908573824 3132026 3362894.2 24 0.0526890287088967
"273" "UKBMS.1728" 12 2.61661754145497 0.111526678999847 0.0890218808374339 3175471 3394324 19 0.00792489526783428
"274" "UKBMS.173" 15 1.74959618636921 0.220186487812605 0.199513695005807 3284177.06666667 3636647.6 23 0.0398057144948703
"275" "UKBMS.1733" 10 4.13891701871409 0.365411181773629 0.112977469277317 3152324 3409430 24 0.0127639085643072
"276" "UKBMS.174" 18 2.18384822834592 0.178011617704276 -0.0376766223387048 3709106.5 3565526.6 17 0.00141952787085339
"277" "UKBMS.176" 17 3.18775897800753 0.387644814802808 0.145084878310487 3262348.13333333 3747585.13333333 25 0.0210496219143688
"278" "UKBMS.178" 15 1.2309717415337 0.266033690316294 0.146201505699963 3147477.55555556 3702247 27 0.0213748802689364
"279" "UKBMS.1780" 11 3.8602239458511 0.531662824220823 0.077898554005718 3138692.38461538 3351793 23 0.00606818471618177
"280" "UKBMS.179" 15 2.07195877939181 0.0819746293537332 0.204418733051799 3285216 3635937 19 0.0417870184225028
"281" "UKBMS.1803" 18 4.41031331440631 0.454876828336679 0.238118843547781 3127166.375 3232366.625 24 0.0567005836525324
"282" "UKBMS.1811" 14 1.20315196411717 0.0951602970876726 0.252911527448416 3159142 3275009 20 0.0639642407162911
"283" "UKBMS.1813" 16 3.20818645685115 0.53020426531815 0.218885221734183 3124432 3225092 19 0.0479107402936225
"284" "UKBMS.184" 14 3.73115765318442 0.420145752902123 0.137934217096379 3286874 3680763 22 0.019025848245991
"285" "UKBMS.19" 18 4.72721193699814 0.107792395413631 0.135528313800422 3130135.28571429 3479523.64285714 23 0.0183679238415856
"286" "UKBMS.190" 11 5.32093697269779 0.138591795636375 -0.0332000720011713 3774344.125 3534894.25 16 0.00110224478088296
"287" "UKBMS.1904" 10 2.86514375787517 0.710257742823417 0.196728045712649 3241750 3591451 28 0.0387019239699181
"288" "UKBMS.1905" 18 3.37026389583973 0.142581148032216 0.297331796435676 3212550.5 3611605.4 18 0.0884061971716662
"289" "UKBMS.1906" 12 1.70547925646353 0.0883910309547279 0.172606747006677 3241242 3619509 21 0.029793089112227
"290" "UKBMS.1911" 12 3.16890983018333 0.206586857868089 0.138867785300885 3246345 3641920 24 0.0192842617943727
"291" "UKBMS.192" 11 2.58869199030275 0.137258620535564 0.0116079856588275 3773956.22222222 3531055.66666667 15 0.000134745331055546
"292" "UKBMS.1922" 18 1.53403024327824 0.198344293755696 0.298726802108363 3212879.21428571 3611416.92857143 17 0.0892377022978889
"293" "UKBMS.193" 18 2.15075049454605 0.120828173831802 0.173180378760768 3133300 3495226 26 0.0299914435877229
"294" "UKBMS.1932" 11 5.31374472785084 0.121632379956889 0.302204536995581 3211205 3600460 19 0.0913275821807135
"295" "UKBMS.1935" 12 3.48707013293363 0.311571194489535 0.179039914495964 3247304 3622136 22 0.0320552909827223
"296" "UKBMS.1940" 12 8.26574286568942 0.0828479830793803 0.189137426610144 3236656 3630593 22 0.0357729661447076
"297" "UKBMS.1941" 12 4.14002196481341 0.198950382847423 0.204048315288659 3233049 3629690 23 0.04163571497214
"298" "UKBMS.1942" 11 3.08265052262542 0.1605665184537 0.267296659278402 3226955 3607118 25 0.071447504061394
"299" "UKBMS.1943" 18 1.53604609996608 0.193790625763325 0.36037571964512 3204716 3600399 22 0.129870659309738
"300" "UKBMS.1945" 12 2.84436998173393 1.3248670569205 0.277991870245265 3211258 3623347 16 0.0772794799224601
"301" "UKBMS.195" 11 4.85971825366708 0.203024046517558 -0.0282189945011713 3773626 3534912.57142857 16 0.000796311650657133
"302" "UKBMS.1954" 11 5.48217431637998 0.1801442631753 0.170785945687005 3232650 3602798 23 0.0291678392442046
"303" "UKBMS.1965" 12 4.07935118275239 0.145026765873155 0.357038687844183 3210164.45454545 3607438.45454545 22 0.127476624617496
"304" "UKBMS.1966" 12 4.67714223357526 0.289382586095748 0.355894570385137 3210169 3607071 23 0.126660945229621
"305" "UKBMS.1968" 11 3.21522836607986 0.289542612756787 0.138968420499302 3234739 3598791 22 0.0193122218960709
"306" "UKBMS.1984" 10 1.86233463723464 0.11172985994334 0.145255986571498 3250056 3624516 19 0.0210993016348593
"307" "UKBMS.1989" 11 4.21290131783474 0.31704354769449 0.173397989579012 3239529 3643825 22 0.0300668627900431
"308" "UKBMS.1991" 12 3.29008613005885 0.304688896926201 0.357038687844183 3209469.9 3607046.5 22 0.127476624617496
"309" "UKBMS.2" 18 4.50327484427172 0.250963527997399 0.249719698279854 3303333.7 3627179.6 25 0.0623599277089812
"310" "UKBMS.2001" 18 4.77796707772144 0.20729575689757 0.300589800885506 3185970.57142857 3613165.57142857 26 0.0903542283963883
"311" "UKBMS.2003" 10 1.97628583626655 0.469212618929755 0.255024899545212 3176755 3604285 29 0.0650376993880454
"312" "UKBMS.2004" 17 1.94851004293748 0.409179460005027 0.248622418250816 3176836 3603792 31 0.0618131068568837
"313" "UKBMS.2006" 15 3.54826053223677 0.39522521712789 0.258110189730287 3177874 3603659 28 0.0666208700426048
"314" "UKBMS.2007" 11 2.67801041400409 0.207699553791506 0.189604366972869 3190754.90909091 3581630.27272727 22 0.0359498159751825
"315" "UKBMS.2008" 16 3.4629213488543 0.138878100233218 0.202146966226752 3180553.66666667 3619075.6 24 0.0408633959546798
"316" "UKBMS.2010" 18 3.13482911739228 0.580969997351894 0.237795847145962 3176544.125 3600353 28 0.0565468649198659
"317" "UKBMS.2013" 18 5.35547721161489 0.161708567731083 0.269139961434187 3181298.8 3616829.8 25 0.0724363188407959
"318" "UKBMS.2014" 16 2.56530278210687 0.584781499060382 0.225942512000533 3175776.125 3594811.125 31 0.0510500187291108
"319" "UKBMS.2015" 16 3.00557796935813 0.356073034292191 0.204466071301168 3178880.7 3605728.6 27 0.0418063743133343
"320" "UKBMS.2016" 10 4.9303132228125 0.438148363966117 0.22619201225751 3179638 3605266 28 0.0511628264091014
"321" "UKBMS.2017" 18 3.45420094330233 0.273742792304497 0.237930901148421 3183903.5 3625540.16666667 32 0.0566111137212998
"322" "UKBMS.2018" 11 4.55988001153534 0.522282035577795 0.242261380761382 3182154.44444444 3608931.77777778 29 0.0586905766084114
"323" "UKBMS.2019" 16 1.95170169980872 0.131942538378023 0.203343183689249 3181766.73333333 3620085.53333333 25 0.0413484503528795
"324" "UKBMS.2020" 12 4.26002331723672 0.123394448417587 0.228458493846543 3191725.84615385 3617041.23076923 21 0.0521932834106311
"325" "UKBMS.2021" 13 6.27943038558782 0.127835501682287 0.242626855143881 3191353.92307692 3617587.23076923 21 0.0588677908370097
"326" "UKBMS.2024" 16 2.82694574240445 0.313575045568263 0.256506369728163 3162942 3582271 29 0.0657955177111212
"327" "UKBMS.2026" 11 3.33469024808805 0.313339068570513 0.196001292106533 3176768.57142857 3624646.85714286 25 0.0384165065074304
"328" "UKBMS.2027" 18 5.01381586579612 0.378716936306398 0.295664107708509 3182829.625 3613561.75 27 0.0874172645870686
"329" "UKBMS.2028" 18 1.89812835194949 0.1998985904004 0.224301135459873 3183231.46666667 3620111.26666667 26 0.0503109993685882
"330" "UKBMS.2032" 18 2.74159451143342 0.108898562615568 0.194766171601907 3191218 3623576 19 0.0379338616004635
"331" "UKBMS.2037" 17 3.46619570956583 0.306303156107856 0.20865468572575 3179904.7 3624208.5 26 0.0435367778753113
"332" "UKBMS.2042" 14 3.67419148515483 0.522010827735105 0.244187828275502 3182554 3620728 28 0.0596276954779062
"333" "UKBMS.2043" 15 6.57207758274317 0.181431195713875 0.185291738936125 3192308.3 3585534.2 25 0.0343330285179731
"334" "UKBMS.2044" 17 3.77389890778548 0.178820243219635 0.210172565406551 3180564.84615385 3617371.07692308 22 0.0441725072495708
"335" "UKBMS.2045" 13 4.29177236463683 0.262692716922613 0.317473991706901 3186644 3611382 27 0.100789735410314
"336" "UKBMS.2047" 15 2.29078727391348 0.175295812702667 0.170544126258566 3163151.26666667 3574485.13333333 23 0.0290852990012978
"337" "UKBMS.2049" 12 3.02887913270995 0.206888641069762 0.273581095772081 3185027.25 3605143.125 21 0.0748466159638524
"338" "UKBMS.2051" 11 4.07507734472895 0.177312845372653 0.176162424429499 3179384 3570102 19 0.0310331997808789
"339" "UKBMS.2053" 15 2.40159819200702 1.45706873028029 0.252593105525843 3176401.2 3599135 30 0.0638032769591897
"340" "UKBMS.2054" 12 1.28729303970007 0.12181581640116 0.239777759296122 3181346.4 3617195.33333333 25 0.0574933738530689
"341" "UKBMS.2055" 14 4.81406380153095 0.211845116828529 0.341794212676294 3199340.625 3608911.875 21 0.116823283819008
"342" "UKBMS.2056" 12 3.28748293775987 0.7437320353394 0.272852817805671 3177610.18181818 3586565 30 0.074448660184495
"343" "UKBMS.2058" 12 3.34849569363126 0.135088882370913 0.179336628114537 3170492.5 3577163.75 26 0.0321616261834917
"344" "UKBMS.2062" 10 4.83204089232404 0.207306705474486 0.259434165625444 3186487 3618442 21 0.0673060862937704
"345" "UKBMS.2071" 14 2.73275144529758 0.299767427476149 0.193959387062547 3187120 3625632 20 0.0376202438296789
"346" "UKBMS.21" 18 2.61939883475688 0.433620347441129 0.140054193362025 3326956.25 3622504.875 24 0.0196151770782874
"347" "UKBMS.2104" 18 5.1284840630544 0.237620735130239 0.164406258139845 3309780.25 3545350.125 27 0.0270294177155453
"348" "UKBMS.2105" 18 4.69073952454516 0.309673695456336 0.136187608287226 3310425.2 3545138.8 28 0.0185470646509949
"349" "UKBMS.2106" 18 2.15369875770689 0.10102260054353 0.155904439865087 3310023 3544606.5 21 0.0243061943696466
"350" "UKBMS.2115" 18 2.51521063995022 0.0784595052212681 -0.16266967591291 3310204.2 3545243.8 2 0.0264614234616112
"351" "UKBMS.2123" 18 2.09852053717291 0.12994610782717 0.01924769408709 3310393.75 3545174.25 2 0.000370473727670201
"352" "UKBMS.2131" 18 4.26816222210992 0.430149224468392 0.133724724912972 3310239.83333333 3544625.83333333 30 0.01788230205305
"353" "UKBMS.2133" 12 0.576638340400046 0.268067513115284 0.155070989157092 3310353 3544965 22 0.0240470116781591
"354" "UKBMS.2136" 11 1.45102880778187 0.325704302455099 0.168378769163342 3297438.6 3543317 23 0.0283514099049622
"355" "UKBMS.2202" 18 4.6312311048502 0.418445680462332 0.214671826226051 3149210.42857143 3476149.42857143 30 0.046083992975228
"356" "UKBMS.2206" 18 5.54790240491562 0.579679068642253 0.138688613933266 3153093.81818182 3446942.63636364 34 0.0192345316347305
"357" "UKBMS.2207" 18 2.25609705603862 0.556032707507698 0.116648987776866 3166150.33333333 3470763.77777778 31 0.0136069863493675
"358" "UKBMS.2210" 11 2.1041387438722 0.276944722433644 0.104992658051605 3160728.46153846 3456661.69230769 28 0.0110234582447412
"359" "UKBMS.2211" 18 2.78108053724267 0.16095230414854 0.129028914708335 3170559.5 3465506.375 24 0.0166484608308108
"360" "UKBMS.2212" 17 5.76295910424099 0.691913330175165 0.18955383800712 3122879.125 3478733 32 0.0359306575032296
"361" "UKBMS.2213" 17 3.80225386699576 1.34232089738786 0.210391801534182 3122616.5 3478019.375 32 0.0442647101527987
"362" "UKBMS.2214" 18 1.89205634497483 0.234642446767074 0.128327941358773 3170692 3460353.4 21 0.0164680605333806
"363" "UKBMS.2215" 12 3.77681719588825 0.100819555960327 0.119358510783872 3164509.44444444 3482612.44444444 15 0.0142464540965437
"364" "UKBMS.2219" 15 5.56821082534284 0.206646337084666 0.15342180442542 3136112.14285714 3463412.57142857 29 0.0235382500731519
"365" "UKBMS.2221" 18 2.59255779539083 0.425272517672768 0.136654491674186 3158535.41666667 3466749.25 33 0.0186744500947301
"366" "UKBMS.2225" 18 2.38078725106231 1.20622554024074 0.129108506288133 3163930 3469550 27 0.0166690063959528
"367" "UKBMS.2226" 14 1.26708912784081 0.170037626329956 0.0865951740030815 3151834.66666667 3435207.66666667 18 0.00749872416062396
"368" "UKBMS.2227" 17 1.70512287996861 0.143804169230512 0.0927084622017175 3152029.57142857 3434659.35714286 25 0.00859485896380729
"369" "UKBMS.2228" 17 2.30197908441393 0.29773980058473 0.111226467935918 3151126.33333333 3434577.16666667 29 0.0123713271694997
"370" "UKBMS.2229" 15 1.63976846576036 0.118359399955607 0.183448978014858 3140717.33333333 3485290.55555556 23 0.0336535275346958
"371" "UKBMS.2230" 12 1.564498103862 0.398335228786423 0.176291067135217 3133715 3444361.11111111 23 0.0310785403516735
"372" "UKBMS.2231" 18 2.634891188057 0.118614601031357 0.181186555875208 3131739.91666667 3462788.25 22 0.0328285680299197
"373" "UKBMS.2233" 18 4.87149226595005 0.569047046966858 0.120595082610629 3166591.33333333 3473545.77777778 34 0.0145431739498645
"374" "UKBMS.2234" 16 4.20936417541512 0.244771739064819 0.168706369676115 3155059 3468917.83333333 22 0.028461839169294
"375" "UKBMS.2235" 18 1.98808530142432 0.194100280940876 0.182958440808075 3150136.875 3490502.375 26 0.0334737910629219
"376" "UKBMS.2238" 18 5.47422806710167 0.280556134165539 0.168168456319417 3146321.55555556 3478735.11111111 25 0.0282806297008557
"377" "UKBMS.2239" 15 2.39528631273996 0.153737914724512 0.121610304447524 3161716.36363636 3461327.18181818 22 0.0147890661478196
"378" "UKBMS.2240" 14 2.80775357277241 0.645436028961666 0.160603916769799 3122972.28571429 3444798.57142857 26 0.0257936180818005
"379" "UKBMS.2241" 12 1.92692880786748 0.511371512677079 0.173326385034983 3122327.2 3444522 23 0.0300420357492953
"380" "UKBMS.2242" 12 1.60663119086149 0.464419561444363 0.181626149267801 3123731.28571429 3443810.28571429 27 0.0329880580978495
"381" "UKBMS.2244" 14 1.69146906887994 0.357598279035103 0.0955753765404902 3150337.125 3433541.375 28 0.00913465260085649
"382" "UKBMS.2245" 17 1.85190009959014 0.250246789987959 0.0975058795375446 3150638 3433816.57142857 30 0.00950739654439016
"383" "UKBMS.2246" 16 2.15883875653516 0.220658656309494 0.124052934144499 3150044.3 3433055.8 26 0.0153891304698594
"384" "UKBMS.2247" 13 3.0481921272603 0.346623768207843 0.119906770194099 3150410.75 3433174.375 28 0.0143776335383805
"385" "UKBMS.2248" 13 3.37953398818646 0.125271063701174 0.146189731078665 3140896.4 3491818 22 0.0213714374728525
"386" "UKBMS.2249" 18 4.29409612373906 0.87798700203169 0.199261504595265 3156455.4 3480229.2 29 0.039705147213569
"387" "UKBMS.2250" 16 1.54892394330915 0.173448041236878 0.182268720855697 3140549.81818182 3487382.90909091 23 0.0332218866023719
"388" "UKBMS.2251" 18 4.0635161313608 0.283536485069082 0.113821837007118 3162820.4 3471886.6 30 0.012955410579675
"389" "UKBMS.2254" 14 4.2886409939345 0.213017417285312 0.165198871295789 3123706.7 3478031.2 27 0.0272906670774028
"390" "UKBMS.2255" 17 4.54351878020563 0.132692816600636 0.163089825137621 3140781.625 3476698.5 23 0.0265982910634199
"391" "UKBMS.2256" 17 2.64685393012174 0.117766800091469 0.155555797529614 3139978.57142857 3477199.14285714 23 0.0241976061450742
"392" "UKBMS.2257" 11 3.70835568031766 1.63235416263183 0.193688906234754 3148684 3488847 27 0.0375153923984155
"393" "UKBMS.2258" 18 5.00838058181496 0.843187793522617 0.154597564438404 3156564.6 3485447.8 24 0.0239004069302865
"394" "UKBMS.2261" 12 2.11888254829697 0.294152735372507 0.148182796630214 3123507 3473067.14285714 23 0.0219581412171513
"395" "UKBMS.2266" 16 5.44426957018958 0.445810713384532 0.154314112119821 3160006.5 3480400.5 30 0.0238128451993285
"396" "UKBMS.2267" 14 2.91869794791648 0.2846525643514 0.112500116992645 3155276.6 3441282.46666667 29 0.0126562763233588
"397" "UKBMS.2268" 12 7.22992995173635 0.224964081237384 0.180519088081686 3134592.11111111 3469547.88888889 23 0.0325871411618434
"398" "UKBMS.2270" 14 5.87699013415526 0.440296435079871 0.118110538039243 3148660.375 3442104.125 32 0.0139500991959195
"399" "UKBMS.2271" 12 3.24430059829996 0.244053427199844 0.193877501524516 3125496.625 3475127.5 21 0.0375884855973886
"400" "UKBMS.2272" 14 4.25905777942641 0.140476472554495 0.179565299529342 3135824.44444444 3496067.22222222 18 0.0322436967950622
"401" "UKBMS.2273" 17 4.15275122932868 0.379420968096916 0.187919362389535 3163235.06666667 3455282.53333333 30 0.0353136867608892
"402" "UKBMS.2274" 12 8.24500932329809 0.190567616952426 0.167260748488205 3149069.88888889 3417457.88888889 27 0.0279761579848347
"403" "UKBMS.2278" 12 5.82950232826192 0.519491981640529 0.0967795390727692 3160306.77777778 3454965.33333333 31 0.00936627918313766
"404" "UKBMS.2279" 11 1.84868629599592 0.233449904678798 0.173947998598271 3127877.8 3471936.2 24 0.030257906216344
"405" "UKBMS.2280" 11 3.73736060069652 0.2392612298958 0.110962631278785 3132522 3469299 13 0.0123127055403115
"406" "UKBMS.2284" 11 4.29396901064378 0.0874537809199912 0.161567449470509 3135264.5 3494561.625 16 0.0261040407284056
"407" "UKBMS.2297" 10 2.85395517084209 0.151687404012925 0.177878865890643 3146111 3487211 13 0.0316408909305413
"408" "UKBMS.23" 10 4.74398686508 0.186389795594295 0.0627452142638316 3201442.13333333 3440490.73333333 21 0.00393696191301414
"409" "UKBMS.2307" 10 3.51076492536862 0.747831114164463 0.209100118218555 3288499.33333333 3484072.16666667 24 0.0437228594390135
"410" "UKBMS.2309" 14 3.3197787785104 0.184562072748912 0.180926804232267 3286997.33333333 3480415.11111111 22 0.0327345084897009
"411" "UKBMS.2310" 18 2.05933929923062 0.579035863312568 0.150393330327354 3318732.45454545 3498801.18181818 23 0.0226181538069526
"412" "UKBMS.2311" 11 1.21320850754511 0.0608784439065749 0.165821067554474 3283632.625 3477675.75 21 0.0274966264449054
"413" "UKBMS.2315" 17 3.41128878533862 0.124507659589007 0.201895349087901 3269367 3456776 24 0.0407617319833253
"414" "UKBMS.2316" 13 3.30729265609562 0.37531707957903 0.177943116161202 3261972.11111111 3491322.11111111 28 0.0316637525891592
"415" "UKBMS.2318" 16 3.9984061202906 0.138341376001739 0.205061055371927 3283885.46153846 3440044.92307692 25 0.0420500364302487
"416" "UKBMS.2319" 14 5.19884507111545 0.231440872037576 0.213691323591168 3300236.93333333 3501975.4 27 0.0456639817781455
"417" "UKBMS.2322" 14 1.67327312358928 0.157420326815456 0.221587604177806 3286912.08333333 3461235.25 25 0.0491010663252601
"418" "UKBMS.2325" 17 3.64023858509612 0.164010809821581 0.15954723075022 3299884.6 3479147.2 26 0.025455318840064
"419" "UKBMS.2328" 18 4.80158913885828 0.22106671271547 0.103388264196566 3263336.6 3497230 28 0.0106891331735788
"420" "UKBMS.2332" 13 3.23108792544084 0.528496766050924 0.127128479941887 3253775.83333333 3491735.75 26 0.0161616504123349
"421" "UKBMS.2333" 16 2.00310096594335 0.249161173015087 0.17952283636612 3307670.25 3486135.33333333 26 0.0322284487769368
"422" "UKBMS.2341" 18 3.18603146849744 0.269103797470144 0.162785922585751 3310204.2 3545243.8 27 0.0264992565920942
"423" "UKBMS.2354" 11 2.03222531976052 0.137774695490755 0.0813902748594643 3323078.83333333 3447202.58333333 21 0.00662437684169914
"424" "UKBMS.2355" 12 2.09907154136607 0.321071032080867 0.177729941866665 3290098.26666667 3510278.93333333 22 0.0315879322359281
"425" "UKBMS.2358" 14 3.20616822644156 0.40489368587149 0.197081300848904 3324152 3482999 26 0.0388410391442962
"426" "UKBMS.2370" 15 2.79025203582471 0.252457093538451 0.171924984054314 3289058.42857143 3481066.42857143 21 0.0295582001420762
"427" "UKBMS.2372" 15 4.67244878450355 0.641867647943156 0.0473554387139868 3375925 3459077 20 0.00224253757579416
"428" "UKBMS.2389" 11 1.0955959631676 0.0921426627255777 0.10110192631304 3317169.66666667 3539298.55555556 15 0.0102215995042073
"429" "UKBMS.24" 18 2.77281004448924 0.430719193435344 0.0420017609569808 3360047 3373856.42857143 20 0.00176414792348735
"430" "UKBMS.2401" 18 3.16080521998697 0.323788750592471 0.234436640430978 3170554.11111111 3508071.44444444 31 0.0549605383765635
"431" "UKBMS.2402" 18 4.07442039272452 0.559419898324389 0.259162881823353 3170452.42857143 3509585.42857143 31 0.0671653993149851
"432" "UKBMS.2403" 18 2.97428011153229 0.310048983246171 0.270467207005243 3170424.33333333 3508291.83333333 32 0.0731525100652168
"433" "UKBMS.2404" 18 3.74884420995413 0.344820179118958 0.258255451552505 3169565.72727273 3508553.72727273 30 0.0666958782565881
"434" "UKBMS.2405" 12 3.12058631945063 1.93440402529815 0.155566539709205 3203800 3476373 25 0.0242009482770958
"435" "UKBMS.2407" 14 2.02676134632925 2.5239075199 0.224257251329387 3183558 3503389 27 0.0502913147738118
"436" "UKBMS.2409" 18 2.31432410411109 0.969104456272975 0.117286959925852 3198323.6 3478140.4 30 0.0137562309686485
"437" "UKBMS.2411" 18 4.35097560365137 0.188488766119342 0.193831443944032 3204638.91666667 3477034.5 29 0.0375706286614283
"438" "UKBMS.2413" 13 5.01507878171434 0.245527918149065 0.169266733006187 3207576.8 3471998.8 15 0.0286512269025879
"439" "UKBMS.2415" 11 2.44280648153728 0.235910880198529 0.173604527456634 3167444 3505592 20 0.0301385319534412
"440" "UKBMS.2417" 13 1.53251459498826 0.706912865804086 0.131380681322543 3183590.08333333 3480779.75 33 0.0172608834247757
"441" "UKBMS.2418" 16 2.5817223594179 0.432674177454437 0.226371962432961 3180017.58333333 3509155.25 33 0.0512442653757499
"442" "UKBMS.2427" 15 3.21395414312994 0.461961374793422 0.138024357806266 3223184 3477148 32 0.0190507233478321
"443" "UKBMS.2428" 13 2.35352225947239 0.382632936910189 0.0927095969698168 3183713 3465168 30 0.00859506937030586
"444" "UKBMS.2430" 17 1.66196131640469 0.273924253523494 0.261763036191556 3172972 3509254.4 29 0.0685198871162218
"445" "UKBMS.2431" 16 2.13854782634706 0.313156162193402 0.252531039950755 3169575.375 3506979.75 31 0.0637719261386097
"446" "UKBMS.2436" 10 2.61039708231929 0.752270204099467 0.143625552883917 3218624.5 3506379.33333333 28 0.0206282994412109
"447" "UKBMS.25" 18 2.8847216309584 0.211256241753345 0.142110453405175 3286169 3669295 21 0.0201953809670243
"448" "UKBMS.2500" 15 2.76715688211585 0.421616184426272 0.0884531370897771 3216864 3469931 26 0.00782395746102291
"449" "UKBMS.2502" 16 2.59720788598781 0.461541367049294 0.160010337974656 3204525.28571429 3437457.28571429 30 0.0256033082587637
"450" "UKBMS.2506" 14 2.25827432745425 0.237421353128865 0.221192732490448 3210289.77777778 3430515.88888889 29 0.0489262249065909
"451" "UKBMS.2510" 18 2.50191886891046 0.770062387121592 0.128314269660506 3176654.5 3402102.75 31 0.0164645517985091
"452" "UKBMS.2513" 12 3.86198907600517 0.554981606685859 0.141820420675925 3178279.6 3410986.6 28 0.0201130317206965
"453" "UKBMS.2514" 11 1.62053141690643 0.446219218885071 0.0951990551588778 3177505.4 3408735.6 25 0.00906286010314306
"454" "UKBMS.2525" 12 2.38725947724713 0.105017430668793 0.158808240654068 3194169.6 3432173.9 19 0.0252200572996405
"455" "UKBMS.2529" 18 3.55600768714713 2.33206099202741 0.170669528562074 3184353.8 3434784.2 33 0.0291280879796007
"456" "UKBMS.2530" 12 3.60319529313901 0.872800784947064 0.209848883398324 3180367.57142857 3419011.14285714 26 0.0440365538635234
"457" "UKBMS.2537" 15 3.10708126024425 0.255881811663643 0.11138574668806 3174421.125 3407891.5 24 0.0124067845652568
"458" "UKBMS.2540" 13 1.65048562673087 0.791294760083677 0.161176006606856 3182471 3446350 26 0.0259777051057333
"459" "UKBMS.2541" 15 3.10932293808179 0.301821264065751 0.203048544740767 3210558.9 3428485.6 30 0.0412287115213431
"460" "UKBMS.2543" 14 1.66649388490835 0.0418252105466344 -0.0414024814705803 3190727 3383690.33333333 9 0.00171416547192175
"461" "UKBMS.2546" 13 3.87645898484998 1.65028517809826 0.134524002083177 3186785 3412468 23 0.0180967071364747
"462" "UKBMS.2549" 14 4.21510705236704 0.411527252976782 0.215109866544905 3186023.33333333 3433751.11111111 27 0.0462722546849667
"463" "UKBMS.2556" 12 4.12134364596952 0.560266669627175 0.120216073490802 3216421.8 3443828 26 0.0144519043255458
"464" "UKBMS.2557" 12 2.67390234030055 0.808120466243522 0.202506517075009 3187470 3435304.66666667 32 0.0410088894578509
"465" "UKBMS.2562" 11 3.26621767717492 0.540431375778257 0.152996843195557 3222038.25 3425870.75 25 0.0234080340278059
"466" "UKBMS.2566" 10 2.06426246571977 0.871234334991729 0.157295896927785 3204024 3438372 27 0.0247419991903164
"467" "UKBMS.2570" 10 4.78078526642185 0.307411066703149 0.223613714572578 3227922.4 3434763.6 27 0.0500030933449463
"468" "UKBMS.2571" 10 4.37110228861728 0.434111092993217 0.203726309275322 3228188.88888889 3436160 23 0.0415044090909442
"469" "UKBMS.2608" 11 1.42460993805809 0.109076428227617 -0.111533586719581 3860577 3408444.4 12 0.0124397409665343
"470" "UKBMS.2609" 11 1.512525110346 0.0741216157283256 -0.244227264725758 3860064.85714286 3410145.85714286 10 0.0596469568354257
"471" "UKBMS.2612" 12 1.54934388879737 0.0710576272519968 -0.1021671832323 3913355.2 3542204.4 2 0.0104381333296224
"472" "UKBMS.2613" 11 2.76583312428974 0.0712159790266016 -0.0768547131876885 3786899.23076923 3539297.76923077 15 0.00590664693916187
"473" "UKBMS.2615" 10 1.87973286932705 0.174397998930522 -0.144580798792925 3824126 3476685 14 0.0209036073796004
"474" "UKBMS.2616" 12 1.19592564062094 0.0293564229071186 0.00434897924599169 3722770.08333333 3508406.5 11 1.89136204820664e-05
"475" "UKBMS.2619" 11 2.33461457417615 0.0837624518264262 -0.177057051368966 3828570.6 3359987.93333333 14 0.0313491994394727
"476" "UKBMS.2630" 11 2.43557845256784 0.0360992870557833 -0.0543510160264102 3715099.66666667 3448772.33333333 13 0.0029540329431031
"477" "UKBMS.2637" 14 4.44633820360759 0.0877613275340231 -0.203392261745046 4018149 3549438 10 0.0413684121377654
"478" "UKBMS.2640" 12 2.07009283036854 0.0555438187615142 0.0345501805683209 3708572 3405311.8 12 0.00119371497730358
"479" "UKBMS.2643" 10 1.54000782262256 0.108661237235722 -0.0521513178636996 3640294.8 3431484 14 0.00271975995492063
"480" "UKBMS.2648" 10 1.37765279651542 0.0903872076285052 -0.0414545368499531 3715559.66666667 3446941.88888889 9 0.00171847862544412
"481" "UKBMS.2652" 10 2.01996886499911 0.0979899710716925 0.0370824335937727 3724583 3503375.83333333 15 0.00137510688123656
"482" "UKBMS.2657" 13 1.26037134361721 0.0984112054175581 0.0504444816824118 3724369.81818182 3502823.09090909 14 0.00254464573220718
"483" "UKBMS.2662" 12 2.23483266738335 0.0384267319045828 -0.0785189064605714 3863899 3346123 11 0.00616521867176397
"484" "UKBMS.2668" 10 4.2352812614021 0.217167031908492 -0.132477576463943 3893099.36363636 3452153.45454545 16 0.0175503082657598
"485" "UKBMS.2669" 10 2.36617688237462 0.11993056431371 -0.0226607321475001 3729331 3523550 17 0.000513508781460743
"486" "UKBMS.27" 14 2.70351046047929 0.0965409610918358 0.17027204851526 3313072.55555556 3628752.33333333 22 0.0289925705055829
"487" "UKBMS.2705" 17 3.13621564626403 0.173252607686056 0.00962263504116434 3407353.15384615 3510406.07692308 19 9.25951051354439e-05
"488" "UKBMS.2708" 10 3.94735217412069 0.25473406694272 0.07341656457883 3413433.71428571 3503982.14285714 18 0.00538999195455752
"489" "UKBMS.2800" 18 2.14347763590594 0.57366962446527 0.138560148708943 3376400 3556530 22 0.0191989148102445
"490" "UKBMS.2801" 12 2.42082075983369 0.480305220570194 0.145104190579838 3373699 3552026 20 0.0210552261238298
"491" "UKBMS.2802" 18 2.97986884171198 0.768087872821013 0.142243082347945 3378228 3562608 23 0.0202330944758443
"492" "UKBMS.2805" 18 2.36891103997062 0.100141531034034 0.0125504318190641 3391606 3545215 15 0.000157513338844978
"493" "UKBMS.2806" 17 2.7301006823523 0.867710730782071 0.152425030980091 3366829 3557859 21 0.0232333900692816
"494" "UKBMS.2817" 16 3.06185341738677 0.223867431692363 -0.088094640467801 3406186 3538860 21 0.00776066567915112
"495" "UKBMS.29" 16 1.03960493059453 0.156144354300442 0.18980885796195 3229636.3 3566882.5 27 0.0360274025608197
"496" "UKBMS.2901" 11 1.38956567255067 0.102859443055631 0.0388034205358444 3558540.11111111 3597226.11111111 17 0.00150570544528159
"497" "UKBMS.2905" 16 2.34422954209711 0.240124681002071 0.0383728126066507 3568045 3582022 19 0.00147247274734513
"498" "UKBMS.2909" 16 2.02089382888686 0.160149200756701 0.0320438159959322 3548962.35714286 3582538.57142857 18 0.00102680614358116
"499" "UKBMS.2911" 15 2.76839588824873 0.308466127853401 -0.0358598410902352 3570625.44444444 3584466.66666667 21 0.00128592820301692
"500" "UKBMS.2915" 13 1.35904406520831 0.0642572665154536 -0.152473952388379 3560799 3548812.4 17 0.0232483061569338
"501" "UKBMS.2924" 15 3.67598560109437 0.243626717242137 -0.000583393902606026 3559261.375 3586510 18 3.40348445597889e-07
"502" "UKBMS.2928" 12 1.87747339424829 0.0724727656187701 -0.0798846564286197 3591596.41666667 3573574.25 18 0.00638155833271861
"503" "UKBMS.2930" 11 1.48610732695054 0.210321770511817 -0.00447272522052788 3569970.85714286 3591961.85714286 14 2.00052708983462e-05
"504" "UKBMS.2931" 13 6.60071561623067 0.172523096540521 -0.095704313859506 3584148.6 3559456 21 0.00915931569131884
"505" "UKBMS.2934" 12 3.48242634393922 0.185090537083643 -0.127566722519853 3578568.4 3564248.6 17 0.0162732686944572
"506" "UKBMS.2935" 12 2.27644895472173 0.104001561857206 -0.0782831635154863 3579877.6 3567035.7 19 0.00612825368999236
"507" "UKBMS.2936" 11 1.74558384922714 0.0924924405534066 -0.00336742162473428 3580972.14285714 3580947.85714286 18 1.13395283987281e-05
"508" "UKBMS.2937" 11 3.60607338702022 0.309507209820549 -0.0412641219583275 3608455 3579217 18 0.00170272776099173
"509" "UKBMS.2939" 11 3.00002463092864 0.195297964427747 -0.0787209666071972 3587949 3571244 16 0.00619699058357145
"510" "UKBMS.2940" 11 3.27367539970785 0.35759917248271 -0.0523580814210912 3692941 3570561 15 0.00274136869009761
"511" "UKBMS.2944" 10 2.92034516030473 0.215147182164909 0.01991663534645 3553135 3574611 17 0.000396672363523462
"512" "UKBMS.2945" 10 1.34284973968389 0.0307418952158463 0.00847521410651308 3660845.75 3590468 11 7.18292541512384e-05
"513" "UKBMS.2946" 10 1.08621039497052 0.0425754423346371 -0.051322414910398 3656228 3591184 13 0.00263399027223504
"514" "UKBMS.3" 18 2.3619180310786 0.275730838659219 0.0721724942072598 3357348.16666667 3704153.5 26 0.00520886892009695
"515" "UKBMS.30" 17 1.41809582124912 0.30737066759947 0.173637691272107 3228926.90909091 3566107.54545455 28 0.0301500478303075
"516" "UKBMS.3002" 11 1.49046812236025 0.429265414668419 -0.0549325407412141 3432707.75 3445005.75 22 0.00301758403228515
"517" "UKBMS.3004" 16 3.09228960974642 0.116806105742966 -0.165232098351815 3394605.375 3403950.375 17 0.0273016463257439
"518" "UKBMS.3005" 16 5.38258410929183 0.118809033108271 0.230674013969122 3288062.2 3302160.5 21 0.0532105007206268
"519" "UKBMS.3008" 15 4.82213947777937 0.093125791556849 -0.169310072851031 3437800.5 3396165.75 20 0.0286659007688213
"520" "UKBMS.3009" 12 3.76832994348906 0.352219576972646 0.198456736748256 3279038 3292065 23 0.0393850763607666
"521" "UKBMS.3012" 13 3.41838432477989 0.277648195508764 0.0800087331106441 3246873.375 3382208 26 0.00640139737397028
"522" "UKBMS.3021" 10 2.10793304952149 1.68480769932785 -0.0358917081814753 3432944 3439721 18 0.00128821471618418
"523" "UKBMS.3025" 13 3.07186752329686 0.313569037946231 -0.0489355520164532 3389039.2 3375354.8 20 0.002394688251155
"524" "UKBMS.3037" 10 4.7696700493496 0.115387018763652 0.097899588421971 3305612.18181818 3273594.36363636 15 0.00958432941319131
"525" "UKBMS.3039" 14 1.79898702086445 0.119338611773805 0.0161381748787806 3285027 3413453 16 0.000260440688418104
"526" "UKBMS.3046" 10 3.64305101648906 0.288491116379589 0.209895758363895 3272264 3296094 25 0.0440562293791547
"527" "UKBMS.3053" 14 3.62441652980039 0.0272224431510421 0.200250915984798 3357110 3375713 6 0.0401004293527508
"528" "UKBMS.31" 11 7.44398427013923 0.326876210602084 0.301872553400349 3244080.73333333 3556747.06666667 24 0.0911270384964464
"529" "UKBMS.3101" 15 1.938613430449 0.267082821820331 0.122247574500759 3270640.06666667 3749460.46666667 27 0.0149444694713187
"530" "UKBMS.3102" 17 3.87518752348925 0.200648494203079 0.136393211100203 3278563.5 3688134.5 18 0.0186031080342246
"531" "UKBMS.3104" 12 6.00628078099065 0.308456517192306 0.109627061717493 3269716.5 3695232.16666667 20 0.0120180926608111
"532" "UKBMS.3106" 12 2.10921933109025 0.16353933460481 0.165521240278898 3294383.45454545 3686582.18181818 22 0.0273972809834647
"533" "UKBMS.3107" 11 2.51325242949574 0.0828662625 -0.0428034 3269821 3695773 1 0.00183213105156
"534" "UKBMS.3110" 12 1.92574601799643 0.160456828423625 0.113235991752752 3254290 3705124.75 18 0.0128223898282294
"535" "UKBMS.3111" 12 5.19899650744427 0.672522817869634 0.126391077395977 3267564.6 3694897.2 19 0.0159747044453159
"536" "UKBMS.3114" 11 3.6686747924078 0.251021322015996 0.168166452985125 3245016.6 3712911.2 18 0.0282799559095981
"537" "UKBMS.3120" 18 1.19202169132549 1.41040238228037 0.200917684238974 3222150 3553585 23 0.040367915839952
"538" "UKBMS.32" 12 3.30327137080762 0.392517423301671 0.207671115004184 3156376.33333333 3691100.6 30 0.0431272920070809
"539" "UKBMS.3211" 17 1.23936946939364 0.172270504861061 0.212728463654152 3275752 3643978 22 0.0452533992486559
"540" "UKBMS.3212" 15 2.37833293251298 0.188900923451591 0.207287055942378 3276259 3640327.22222222 23 0.0429679235612584
"541" "UKBMS.3215" 11 3.62185777203341 2.48452703803878 0.182062359470833 3279446.66666667 3665045.33333333 29 0.0331467027360867
"542" "UKBMS.3220" 15 1.14866629426207 0.106700513341744 0.191866887316433 3226474.2 3691831.7 19 0.036812902448497
"543" "UKBMS.3231" 13 8.29750453449593 0.208095968309887 0.165464969380778 3294468.875 3623469.625 21 0.0273786560921819
"544" "UKBMS.3232" 10 2.86487921903134 0.155907095555671 0.20902974007596 3281783 3634908.75 21 0.0436934322362235
"545" "UKBMS.3234" 10 5.39293591058581 0.122042014848778 0.199684865124594 3279080.09090909 3638301.09090909 22 0.0398740453598273
"546" "UKBMS.3237" 10 3.16766809713083 0.340265596928023 0.19789414243872 3274439 3656111 25 0.0391620916115562
"547" "UKBMS.3238" 11 1.27565800055915 0.248737439961942 0.191272362113081 3226737 3690802 19 0.0365851165083177
"548" "UKBMS.3243" 10 2.66365886216108 0.229319710331148 0.196783556824671 3270948 3654517 23 0.0387237682365687
"549" "UKBMS.3261" 10 1.05409954044736 0.170276036887734 0.263528262147041 3223467 3631746 21 0.0694471449502395
"550" "UKBMS.3262" 11 1.79825651176384 0.109274711834075 0.242786735857284 3221310 3631895 23 0.0589453991082347
"551" "UKBMS.3300" 10 1.72659595698733 0.0624588378028226 0.100933053843642 3307565.36363636 3703569.36363636 20 0.0101874813582036
"552" "UKBMS.3301" 12 3.50360398471663 0.124025931817326 0.118115413227559 3316811.36363636 3734628.90909091 22 0.013951250841917
"553" "UKBMS.3313" 12 2.04460471934363 0.758693990799979 0.0478683392157992 3341098.33333333 3715660.16666667 24 0.00229137789927882
"554" "UKBMS.3319" 12 2.57905053683317 0.290896442312589 0.0460703558827049 3341415 3715789.5 20 0.00212247769115908
"555" "UKBMS.3320" 12 2.15823313665217 0.310387060175482 0.0581689571561806 3341328 3717521.5 20 0.00338362757663758
"556" "UKBMS.34" 18 3.11057317290987 0.222530956942568 0.167739762732509 3273677 3627135.63636364 24 0.0281366280015583
"557" "UKBMS.3400" 13 4.52529243863438 0.365345567464823 0.105380135357769 3454429 3566929.4 21 0.0111049729280217
"558" "UKBMS.3403" 12 4.05337856457901 0.926095174017616 -0.0610481428687154 3485943 3551731 22 0.00372687574771909
"559" "UKBMS.3404" 15 2.78150166117956 0.234407438872847 0.133986518551757 3442049.66666667 3587920.66666667 19 0.0179523871536202
"560" "UKBMS.3405" 14 1.737837657785 0.10126381777307 -0.261027922821358 3514008.92307692 3521286.23076923 15 0.0681355764924328
"561" "UKBMS.3411" 10 1.48462262474615 0.346582565926633 0.0982540285497601 3455973 3637604 20 0.00965385412625707
"562" "UKBMS.3414" 10 1.82607481208058 0.185737834001059 -0.150774932336373 3510745.22222222 3522388.33333333 15 0.0227330802210378
"563" "UKBMS.3415" 13 1.35031885103131 0.0569528232605954 -0.104431444692234 3523147.53333333 3517158.26666667 17 0.0109059266405071
"564" "UKBMS.3511" 10 1.63088601932769 0.0928985641612157 -0.12290289273843 3658290 3244156 9 0.0151051210434741
"565" "UKBMS.3555" 11 2.06151589680451 0.0441237481638276 -0.0382370893197745 3675416 3294827 9 0.00146207499964841
"566" "UKBMS.36" 18 2.21937107689275 0.175971945991378 0.108476345895673 3321155 3744952.07692308 19 0.0117671176188777
"567" "UKBMS.3602" 12 3.60409563744086 0.840863953246539 0.145640827697723 3263331.25 3496652.5 27 0.021211250692478
"568" "UKBMS.3603" 11 2.42408888257882 0.0670776797381297 0.187549885079106 3293628 3480136 19 0.0351749593931859
"569" "UKBMS.3604" 11 2.85747972665944 0.708586523453143 0.153984251890678 3242644 3471365 30 0.0237111498303317
"570" "UKBMS.3607" 10 2.41800501388484 0.145609058114313 0.226929069373996 3260169 3456464 25 0.0514968025269478
"571" "UKBMS.3609" 10 3.998195282346 0.428994070458986 0.1963271320356 3269051 3498918 30 0.0385443427733238
"572" "UKBMS.3610" 10 6.00750011253263 0.143289340668062 0.223918565202052 3287930 3461278 22 0.0501395238421458
"573" "UKBMS.3622" 12 2.32815322329746 0.14984038265568 0.0867100772059277 3336026 3504413 18 0.00751863748905795
"574" "UKBMS.3628" 12 2.47666369091149 0.514862510275006 0.0106911582211194 3344808 3457914 20 0.000114300864109008
"575" "UKBMS.37" 15 2.25238597564435 0.195208878280104 -0.302054290436497 3571197.57142857 3538543.71428571 15 0.0912367943710955
"576" "UKBMS.3800" 16 2.06431783587153 0.162400712908915 0.303179717149442 3140362 3519815.33333333 27 0.0919179408908159
"577" "UKBMS.3801" 10 3.92490517281169 0.604078541372188 0.290032204235158 3142066 3542201 27 0.0841186794935044
"578" "UKBMS.3803" 13 4.24194459526659 0.196125939662038 0.193051936668548 3155221.25 3516027.5 23 0.037269050251477
"579" "UKBMS.3804" 13 2.49833942888756 0.192321437458505 0.185703251106265 3155750.77777778 3515575.33333333 20 0.0344856974714366
"580" "UKBMS.3814" 10 5.23014723139104 1.01575046789025 0.137059470913304 3198037 3528142 28 0.0187852985670348
"581" "UKBMS.3815" 10 3.7371119478753 0.515624212311106 0.123010836436277 3164820 3569119 28 0.0151316658807526
"582" "UKBMS.3816" 11 4.07229295125567 0.3147730165252 0.171095441672391 3146081 3550451 23 0.0292736501610705
"583" "UKBMS.3818" 12 3.00379074864237 0.0968516494129631 0.207160193291476 3152655 3538375 18 0.0429153456845618
"584" "UKBMS.3824" 11 2.48291030729404 0.388357757147595 0.241580983341846 3152502 3522158 22 0.0583613715124132
"585" "UKBMS.39" 15 1.37380888209898 0.293967351996155 0.0896602292190373 3409382.83333333 3672123.16666667 23 0.0080389567036103
"586" "UKBMS.4" 18 5.5977539627986 0.321744854031111 0.194239082273309 3304253.42857143 3626791.64285714 26 0.0377288210823774
"587" "UKBMS.43" 14 1.26506862534565 0.0994054566539452 0.0983399194973025 3525072.93333333 3490454.33333333 25 0.00967073976673594
"588" "UKBMS.45" 12 2.05166842243541 0.444923014117336 0.0788910998447427 3375515.91666667 3675343.41666667 24 0.00622380563471316
"589" "UKBMS.47" 12 1.82900558024019 0.0454506234070295 0.201747607254387 3291043.23076923 3273731 12 0.0407020970328702
"590" "UKBMS.48" 14 4.48677557318025 0.0969276479549537 0.251987762440235 3210308.08333333 3618510.91666667 18 0.0634978324196365
"591" "UKBMS.51" 12 2.45554689767547 0.0756668145468636 -0.21506726433217 3871182.5 3498384.57142857 16 0.0462539281873233
"592" "UKBMS.6" 15 2.02723090993306 0.0885075437448831 0.0730950574106379 3144669.90909091 3356023.09090909 28 0.00534288741786445
"593" "UKBMS.60" 14 1.27796425157384 0.113050878872086 -0.0698407225606131 3681300.66666667 3579391.83333333 13 0.00487772652778854
"594" "UKBMS.61" 12 1.67577684963509 0.0613033143598402 -0.317925525537303 3858991.42857143 3479997.07142857 11 0.101076639788171
"595" "UKBMS.65" 14 2.70186020793055 0.112575760005132 0.168496326502652 3307277.44444444 3630606.44444444 21 0.0283910120448882
"596" "UKBMS.69" 18 2.83117376516711 0.182298076331142 0.0912164897827793 3359520.77777778 3688095 24 0.00832044800829188
"597" "UKBMS.71" 18 2.67699864457837 0.477332408927941 0.252195962362214 3130100.07692308 3615370.46153846 31 0.0636028034318031
"598" "UKBMS.72" 18 1.93032584675784 0.194927487954199 0.0881687921105224 3527334.66666667 3490245.44444444 30 0.00777373590222852
"599" "UKBMS.8" 18 3.46301682060054 1.05136786191495 0.206534952487518 3155739.3 3546087.7 31 0.0426566865990215
"600" "UKBMS.83" 16 2.56135439495907 0.586692110481662 0.140977877311127 3206509.66666667 3500956.5 32 0.0198747618911511
"601" "UKBMS.84" 18 2.40399973357832 0.279665782690641 0.171376597236873 3162428.5 3523507.33333333 25 0.0293699380804893
"602" "UKBMS.85" 18 2.74429236297619 0.10667160812373 -0.0872742696547383 3405498.07692308 3541257.61538462 25 0.00761679814376798
"603" "UKBMS.86" 18 3.96423113138462 1.16825148210518 0.167723255866928 3169350.91666667 3541963.08333333 21 0.0281310905586031
"604" "UKBMS.89" 16 4.89448029906855 0.226240539054633 0.233154332661724 3147201.86666667 3565127.06666667 28 0.0543609428389337
"605" "UKBMS.9" 18 3.90478306521559 0.188963948597173 0.30103008012918 3142633.33333333 3561884.53333333 30 0.0906191091425808
"606" "UKBMS.91" 16 3.00504789308627 0.18689293524333 0.219730144796637 3139253.8 3601465.93333333 24 0.0482813365323509
"607" "UKBMS.92" 14 1.191194499747 0.0368922107263788 0.0812944548616086 3572484 3297857 16 0.00660878839124613
"608" "UKBMS.93" 18 4.22477062884472 0.366419187858588 0.174162433381746 3162805.5 3487501 31 0.030332553201451
"609" "UKBMS.95" 18 1.83033482782749 0.263829441398568 0.200361201465347 3324353.13333333 3484353.8 29 0.0401446110526374
"610" "UKBMS.97" 18 2.29385080310099 0.350745309954412 0.231589512774135 3122152.4 3631714.2 35 0.0536337024269611
"611" "UKBMS.991" 16 4.06218634783414 0.315857859054038 0.217969103232557 3177649.26666667 3509653.13333333 32 0.0475105299640051
"612" "UKBMS.994" 18 3.27166898076599 0.143819039008989 0.236559983503638 3246481.46153846 3542960.07692308 22 0.0559606257952417
"613" "UKBMS.995" 16 3.54932454443587 0.130206712538629 0.0289679699523132 3166149 3346639.8 22 0.000839143283158119
"614" "UKBMS.997" 13 3.13927332151526 0.0277387734308735 -0.0938799200310444 3821354 3559320 14 0.00881343938503528
"615" "UKBMS.998" 12 3.79356171310909 0.116482022307636 0.173135043058836 3296547 3520615.5 18 0.0299757431349851
"616" "UKBMS.999" 18 1.55180707285306 0.227221318715519 0.165337701703299 3172273.75 3564658.75 23 0.027336555604529
